01fb
fc00
132d
0101
0041
6c65
7820
4c75
697a
2043
6962
6965
6e20
4520
5369
6c76
6100
0000
0000
0000
0001
694b
4d04
6c48
1b96
0000
0000
0000
0000
0000
0000
0000
0000
0000
0000
0000
028f
0000
0028
526f
7461
e7e3
6f20
6465
2052
6566
6572
ea6e
6369
6129
2050
3031
3231
203d
2056
616c
6f72
2056
656c
6f63
6964
6164
6520
2853
656c
65e7
e36f
2064
6120
5265
6665
72ea
6e63
6961
2064
6520
5665
6c6f
6369
6461
6465
2920
5030
3232
3220
3d20
3620
2843
414e
2920
6163
6861
7220
6f20
5365
6e74
6964
6f20
6465
2047
6972
6f2c
2047
6972
612f
5061
7261
2065
204a
4f47
0606
0606
0606
0606
0602
b300
0000
2853
656c
65e7
e36f
204c
4f43
414c
2f52
454d
4f54
4f29
2050
3032
3230
203d
2038
2028
4341
4e20
5245
4d29
2028
5365
6c65
e7e3
6f20
646f
2053
656e
7469
646f
2064
6520
4769
726f
2920
5030
3232
3620
3d20
3720
2843
414e
2048
2028
4465
6661
756c
7420
486f
72e1
7269
6f29
2028
5365
6c65
e7e3
6f20
6465
2047
6972
6120
2f20
5061
7261
2920
5030
3232
3720
3d20
3320
2843
414e
2920
2850
524f
544f
434f
4c4f
2043
414e
2920
5030
3730
3020
3d20
3120
2843
414e
2906
0606
0606
0606
0606
023d
0000
0028
5052
4f54
4f43
4f4c
4f20
4341
4e29
2050
3036
3834
2020
2028
5265
6665
72ea
6e63
6961
2064
6520
5665
6c6f
6369
6461
6465
2043
414e
2920
5030
3638
3520
0606
0606
0606
0606
0600
0000
0000
0000
0000
0000
0000
0000
0000
0000
0000
0000
0000
0000
0000
0000
0000
0000
0000
0000
0000
0000
0000
0000
0000
0000
0000
0000
0000
0000
0000
0000
0000
0000
0000
0000
0000
0000
0000
0000
0000
0000
0000
0000
0000
0000
0000
0000
0000
0000
0000
0000
0000
0000
0000
0000
0000
0000
0000
0000
0000
0000
0000
0000
0000
0000
0000
0000
0000
0000
0000
0000
0000
0000
0000
0000
0000
0000
0000
0000
0000
0000
0000
0000
0000
0000
0000
0000
0000
0000
0000
0000
0000
0000
0000
0000
0000
0000
0000
0000
0000
0000
0000
0000
0000
0000
0000
0000
0000
0000
0000
0000
0000
0000
00